// MIP solution (optimal) with objective 221007.34075
// OpenWarehouse = [1 1 1 0 0];

Warehouses = { 1 2 3 4 5};
Customers = { 1 2 3 4 5 6 7 8 9 10};
MaxWarehouse = 10;
MinWarehouse = 7;
Capacity = [ 10000 10000 10000 10000 10000];
FixedCost = [ 17500 17500 17500 17500 17500];
MinDelivery = [ 2000 2000 1900 1900 2000];
Demand = [ 146 87 672 1337 31 559 2370 1089 33 32];
TransportationCost = [
	[ 6739.72500 3204.86250 4914.00000 32372.11250 1715.46250 6421.51250 81972.37500 33391.46250 2020.83750 1459.60000],
	[ 10355.05000 5457.07500 26409.60000 29982.22500 2152.17500 23701.60000 28499.25000 26544.37500 2480.77500 1995.20000],
	[ 7650.40000 3845.40000 19622.40000 21024.32500 1577.90000 16197.02500 43134.00000 6370.65000 1869.45000 1402.40000],
	[ 5219.50000 2396.85000 13876.80000 29681.40000 1061.75000 10383.42500 65767.50000 16770.60000 1324.95000 869.60000],
	[ 5776.12500 2628.48750 9147.60000 21275.01250 1250.46250 7483.61250 58805.62500 13571.66250 1525.83750 1050.80000] ];